Timing Data

Base Refinement         Beam Scale        Vane Scale		Time (s)
--------------------------------------------------------------------------
8, 8, 256				8				  N/A               655.896
16, 16, 512				4				  N/A				316.744


16, 16, 512 			2				  2					639.999
16, 16, 512 			4				  4					4252.590
8, 8, 256				4				  4					3889.351
8, 8, 256				2				  2					505.825


2.5 cm vane dist

8, 8, 256				2				  2					503.577
16, 16, 512				2				  2					847.7524
16, 16, 512				4				  4					5376.935


0.3 cm vane rad

16, 16, 512 			2				  2					639.999